time      CO        HCO+      DCO+      
1.000e-01 0.000e+00 0.000e+00 0.000e+00 
1.205e-01 2.864e-13 1.317e-13 3.597e-18 
1.451e-01 1.208e-12 1.590e-13 5.153e-18 
1.748e-01 2.784e-12 1.641e-13 5.394e-18 
2.105e-01 5.280e-12 1.682e-13 5.494e-18 
2.535e-01 9.151e-12 1.731e-13 5.616e-18 
3.054e-01 1.506e-11 1.788e-13 5.775e-18 
3.678e-01 2.400e-11 1.856e-13 5.983e-18 
4.431e-01 3.737e-11 1.935e-13 6.244e-18 
5.337e-01 5.728e-11 2.026e-13 6.559e-18 
6.428e-01 8.673e-11 2.130e-13 6.920e-18 
7.743e-01 1.301e-10 2.249e-13 7.318e-18 
9.326e-01 1.938e-10 2.382e-13 7.754e-18 
1.123e+00 2.870e-10 2.529e-13 8.231e-18 
1.353e+00 4.230e-10 2.690e-13 8.748e-18 
1.630e+00 6.210e-10 2.862e-13 9.302e-18 
1.963e+00 9.089e-10 3.044e-13 9.887e-18 
2.364e+00 1.326e-09 3.233e-13 1.050e-17 
2.848e+00 1.931e-09 3.423e-13 1.112e-17 
3.430e+00 2.806e-09 3.612e-13 1.174e-17 
4.132e+00 4.069e-09 3.796e-13 1.235e-17 
4.977e+00 5.889e-09 3.972e-13 1.295e-17 
5.995e+00 8.510e-09 4.137e-13 1.353e-17 
7.221e+00 1.227e-08 4.290e-13 1.407e-17 
8.697e+00 1.766e-08 4.430e-13 1.457e-17 
1.048e+01 2.536e-08 4.555e-13 1.504e-17 
1.262e+01 3.630e-08 4.666e-13 1.546e-17 
1.520e+01 5.176e-08 4.764e-13 1.584e-17 
1.831e+01 7.346e-08 4.855e-13 1.619e-17 
2.205e+01 1.037e-07 4.943e-13 1.654e-17 
2.656e+01 1.453e-07 5.035e-13 1.691e-17 
3.199e+01 2.020e-07 5.140e-13 1.732e-17 
3.854e+01 2.782e-07 5.264e-13 1.782e-17 
4.642e+01 3.792e-07 5.411e-13 1.841e-17 
5.591e+01 5.111e-07 5.588e-13 1.914e-17 
6.734e+01 6.803e-07 5.800e-13 2.003e-17 
8.111e+01 8.939e-07 6.056e-13 2.115e-17 
9.770e+01 1.159e-06 6.367e-13 2.256e-17 
1.177e+02 1.484e-06 6.747e-13 2.437e-17 
1.417e+02 1.875e-06 7.215e-13 2.671e-17 
1.707e+02 2.340e-06 7.794e-13 2.978e-17 
2.057e+02 2.889e-06 8.509e-13 3.387e-17 
2.477e+02 3.532e-06 9.384e-13 3.943e-17 
2.984e+02 4.277e-06 1.044e-12 4.713e-17 
3.594e+02 5.134e-06 1.173e-12 5.813e-17 
4.329e+02 6.111e-06 1.341e-12 7.461e-17 
5.214e+02 7.214e-06 1.576e-12 1.005e-16 
6.280e+02 8.446e-06 1.910e-12 1.431e-16 
7.565e+02 9.801e-06 2.392e-12 2.173e-16 
9.112e+02 1.127e-05 3.117e-12 3.557e-16 
1.097e+03 1.283e-05 4.260e-12 6.360e-16 
1.322e+03 1.446e-05 6.170e-12 1.255e-15 
1.592e+03 1.611e-05 9.552e-12 2.746e-15 
1.918e+03 1.774e-05 1.586e-11 6.610e-15 
2.310e+03 1.933e-05 2.813e-11 1.721e-14 
2.783e+03 2.087e-05 5.282e-11 4.747e-14 
3.352e+03 2.242e-05 1.039e-10 1.366e-13 
4.037e+03 2.406e-05 2.131e-10 4.080e-13 
4.863e+03 2.597e-05 4.514e-10 1.263e-12 
5.857e+03 2.835e-05 9.580e-10 3.947e-12 
7.055e+03 3.139e-05 1.856e-09 1.091e-11 
8.498e+03 3.521e-05 2.981e-09 2.192e-11 
1.024e+04 3.998e-05 4.110e-09 3.431e-11 
1.233e+04 4.582e-05 5.177e-09 4.760e-11 
1.485e+04 5.290e-05 6.172e-09 6.170e-11 
1.789e+04 6.134e-05 7.139e-09 7.721e-11 
2.154e+04 7.126e-05 8.142e-09 9.521e-11 
2.595e+04 8.269e-05 9.243e-09 1.171e-10 
3.126e+04 9.558e-05 1.050e-08 1.445e-10 
3.765e+04 1.097e-04 1.197e-08 1.797e-10 
4.535e+04 1.246e-04 1.370e-08 2.255e-10 
5.462e+04 1.395e-04 1.568e-08 2.846e-10 
6.579e+04 1.537e-04 1.791e-08 3.592e-10 
7.925e+04 1.658e-04 2.030e-08 4.495e-10 
9.545e+04 1.739e-04 2.276e-08 5.559e-10 
1.150e+05 1.730e-04 2.494e-08 6.747e-10 
1.385e+05 1.651e-04 2.635e-08 7.844e-10 
1.668e+05 1.555e-04 2.734e-08 8.887e-10 
2.009e+05 1.446e-04 2.797e-08 9.855e-10 
2.420e+05 1.326e-04 2.816e-08 1.068e-09 
2.915e+05 1.198e-04 2.788e-08 1.128e-09 
3.511e+05 1.064e-04 2.710e-08 1.164e-09 
4.229e+05 9.269e-05 2.586e-08 1.175e-09 
5.094e+05 7.923e-05 2.422e-08 1.165e-09 
6.136e+05 6.651e-05 2.227e-08 1.138e-09 
7.391e+05 5.501e-05 2.011e-08 1.098e-09 
8.902e+05 4.516e-05 1.789e-08 1.047e-09 
1.072e+06 3.721e-05 1.573e-08 9.826e-10 
1.292e+06 3.113e-05 1.366e-08 8.962e-10 
1.556e+06 2.653e-05 1.168e-08 7.831e-10 
1.874e+06 2.339e-05 1.040e-08 6.985e-10 
2.257e+06 2.175e-05 9.844e-09 6.554e-10 
2.719e+06 2.109e-05 9.660e-09 6.367e-10 
3.275e+06 2.091e-05 9.649e-09 6.322e-10 
3.944e+06 2.092e-05 9.704e-09 6.350e-10 
4.751e+06 2.099e-05 9.778e-09 6.413e-10 
5.722e+06 2.107e-05 9.855e-09 6.487e-10 
6.893e+06 2.114e-05 9.922e-09 6.554e-10 
8.302e+06 2.120e-05 9.971e-09 6.602e-10 
1.000e+07 2.124e-05 1.000e-08 6.632e-10 
