time      CO        HCO+      DCO+      
1.000e-01 0.000e+00 0.000e+00 0.000e+00 
1.205e-01 2.864e-13 1.317e-13 3.597e-18 
1.451e-01 1.207e-12 1.588e-13 5.148e-18 
1.748e-01 2.778e-12 1.632e-13 5.379e-18 
2.105e-01 5.263e-12 1.665e-13 5.463e-18 
2.535e-01 9.107e-12 1.704e-13 5.563e-18 
3.054e-01 1.497e-11 1.749e-13 5.693e-18 
3.678e-01 2.382e-11 1.802e-13 5.864e-18 
4.431e-01 3.706e-11 1.864e-13 6.083e-18 
5.337e-01 5.676e-11 1.935e-13 6.347e-18 
6.428e-01 8.589e-11 2.017e-13 6.650e-18 
7.743e-01 1.288e-10 2.111e-13 6.984e-18 
9.326e-01 1.918e-10 2.217e-13 7.349e-18 
1.123e+00 2.840e-10 2.335e-13 7.749e-18 
1.353e+00 4.187e-10 2.465e-13 8.186e-18 
1.630e+00 6.148e-10 2.606e-13 8.659e-18 
1.963e+00 9.001e-10 2.756e-13 9.163e-18 
2.364e+00 1.314e-09 2.914e-13 9.694e-18 
2.848e+00 1.914e-09 3.077e-13 1.024e-17 
3.430e+00 2.783e-09 3.242e-13 1.081e-17 
4.132e+00 4.039e-09 3.406e-13 1.137e-17 
4.977e+00 5.850e-09 3.566e-13 1.193e-17 
5.995e+00 8.459e-09 3.720e-13 1.248e-17 
7.221e+00 1.221e-08 3.865e-13 1.300e-17 
8.697e+00 1.758e-08 3.998e-13 1.348e-17 
1.048e+01 2.525e-08 4.118e-13 1.393e-17 
1.262e+01 3.617e-08 4.223e-13 1.433e-17 
1.520e+01 5.160e-08 4.315e-13 1.469e-17 
1.831e+01 7.326e-08 4.398e-13 1.502e-17 
2.205e+01 1.034e-07 4.476e-13 1.534e-17 
2.656e+01 1.450e-07 4.557e-13 1.566e-17 
3.199e+01 2.016e-07 4.648e-13 1.603e-17 
3.854e+01 2.778e-07 4.754e-13 1.646e-17 
4.642e+01 3.787e-07 4.879e-13 1.697e-17 
5.591e+01 5.105e-07 5.029e-13 1.759e-17 
6.734e+01 6.796e-07 5.207e-13 1.835e-17 
8.111e+01 8.931e-07 5.421e-13 1.929e-17 
9.770e+01 1.158e-06 5.678e-13 2.046e-17 
1.177e+02 1.483e-06 5.989e-13 2.193e-17 
1.417e+02 1.874e-06 6.367e-13 2.381e-17 
1.707e+02 2.340e-06 6.828e-13 2.622e-17 
2.057e+02 2.890e-06 7.386e-13 2.937e-17 
2.477e+02 3.533e-06 8.052e-13 3.350e-17 
2.984e+02 4.280e-06 8.820e-13 3.900e-17 
3.594e+02 5.139e-06 9.691e-13 4.645e-17 
4.329e+02 6.120e-06 1.075e-12 5.697e-17 
5.214e+02 7.228e-06 1.216e-12 7.250e-17 
6.280e+02 8.464e-06 1.406e-12 9.617e-17 
7.565e+02 9.824e-06 1.663e-12 1.336e-16 
9.112e+02 1.130e-05 2.018e-12 1.957e-16 
1.097e+03 1.286e-05 2.519e-12 3.047e-16 
1.322e+03 1.447e-05 3.253e-12 5.085e-16 
1.592e+03 1.610e-05 4.370e-12 9.184e-16 
1.918e+03 1.768e-05 6.149e-12 1.808e-15 
2.310e+03 1.918e-05 9.126e-12 3.889e-15 
2.783e+03 2.056e-05 1.434e-11 9.088e-15 
3.352e+03 2.181e-05 2.389e-11 2.281e-14 
4.037e+03 2.297e-05 4.202e-11 6.063e-14 
4.863e+03 2.407e-05 7.726e-11 1.683e-13 
5.857e+03 2.517e-05 1.449e-10 4.766e-13 
7.055e+03 2.632e-05 2.622e-10 1.305e-12 
8.498e+03 2.759e-05 4.214e-10 3.093e-12 
1.024e+04 2.901e-05 5.910e-10 5.612e-12 
1.233e+04 3.069e-05 7.904e-10 8.270e-12 
1.485e+04 3.269e-05 1.030e-09 1.129e-11 
1.789e+04 3.511e-05 1.284e-09 1.457e-11 
2.154e+04 3.800e-05 1.508e-09 1.759e-11 
2.595e+04 4.143e-05 1.676e-09 2.010e-11 
3.126e+04 4.544e-05 1.804e-09 2.229e-11 
3.765e+04 5.005e-05 1.913e-09 2.448e-11 
4.535e+04 5.527e-05 2.019e-09 2.691e-11 
5.462e+04 6.105e-05 2.130e-09 2.978e-11 
6.579e+04 6.730e-05 2.257e-09 3.334e-11 
7.925e+04 7.381e-05 2.413e-09 3.796e-11 
9.545e+04 8.033e-05 2.617e-09 4.423e-11 
1.150e+05 8.649e-05 2.894e-09 5.313e-11 
1.385e+05 9.187e-05 3.285e-09 6.641e-11 
1.668e+05 9.597e-05 3.851e-09 8.721e-11 
2.009e+05 9.822e-05 4.665e-09 1.209e-10 
2.420e+05 9.804e-05 5.771e-09 1.750e-10 
2.915e+05 9.485e-05 7.040e-09 2.535e-10 
3.511e+05 8.757e-05 8.072e-09 3.455e-10 
4.229e+05 7.555e-05 8.530e-09 4.331e-10 
5.094e+05 6.309e-05 8.723e-09 5.296e-10 
6.136e+05 5.141e-05 8.700e-09 6.350e-10 
7.391e+05 4.097e-05 8.354e-09 7.269e-10 
8.902e+05 3.214e-05 7.658e-09 7.758e-10 
1.072e+06 2.514e-05 6.752e-09 7.721e-10 
1.292e+06 1.999e-05 5.861e-09 7.349e-10 
1.556e+06 1.645e-05 5.127e-09 6.874e-10 
1.874e+06 1.409e-05 4.568e-09 6.415e-10 
2.257e+06 1.242e-05 4.130e-09 5.984e-10 
2.719e+06 1.103e-05 3.738e-09 5.535e-10 
3.275e+06 9.691e-06 3.334e-09 5.016e-10 
3.944e+06 8.289e-06 2.893e-09 4.406e-10 
4.751e+06 6.846e-06 2.421e-09 3.720e-10 
5.722e+06 5.466e-06 1.956e-09 3.018e-10 
6.893e+06 4.317e-06 1.560e-09 2.403e-10 
8.302e+06 3.557e-06 1.296e-09 1.978e-10 
1.000e+07 3.198e-06 1.174e-09 1.763e-10 
